DEM_BQ31_2013_1000_1935.asc
ncols        480
nrows        720
xllcorner    1748320.000000000000
yllcorner    5428320.000000000000
cellsize     1.000000000000
NODATA_value  -9999.000000
[rows 572 to 597 of 720, columns 420 to 479 of 480]
1.820976 1.738152 1.682515 1.692506 1.809847 1.826178 1.804251 1.864391 2.008121 3.676119 6.861340 8.757761 9.732495 10.317063 10.643028 10.782113 10.791577 10.705267 10.461103 10.144295 9.814030 9.487074 9.168586 8.859344 8.558458 8.264480 7.975794 7.692464 7.414317 7.139849 6.868217 6.599309 6.331832 6.064425 5.795618 5.523485 5.245168 4.959538 4.666152 4.369829 4.069792 3.766581 3.458894 3.146798 2.834356 2.514009 2.150342 2.008608 1.999064 2.047758 2.097814 2.143230 2.170772 2.149112 2.109896 2.194148 2.240505 2.233894 2.225959 2.220268
1.783182 1.700355 1.689493 1.717708 1.772080 1.757431 1.615824 1.780730 2.121094 4.149780 6.623621 9.322671 10.615507 11.263513 11.555761 11.614624 11.482196 11.114343 10.710039 10.317407 9.944996 9.592897 9.258516 8.938826 8.630942 8.332245 8.041289 7.758063 7.480774 7.207956 6.939394 6.673851 6.409926 6.146203 5.880925 5.612055 5.338096 5.059050 4.777876 4.496386 4.214553 3.932320 3.649135 3.364834 3.077102 2.773778 2.456491 2.102614 2.042924 2.077325 2.126398 2.165033 2.184449 2.164413 2.067368 2.115446 2.224251 2.218230 2.215109 2.213384
1.854022 1.816852 1.784809 1.739583 1.731716 1.739491 1.788154 1.769646 2.152953 4.577009 6.924411 9.408840 11.575796 12.334416 12.530235 12.294733 11.771803 11.266020 10.802647 10.379297 9.989767 9.627741 9.287431 8.964130 8.654102 8.354940 8.066076 7.785354 7.510926 7.242272 6.978127 6.717041 6.457522 6.197891 5.936495 5.671745 5.403918 5.134097 4.866060 4.599051 4.333805 4.070019 3.807584 3.546795 3.286123 3.016373 2.727910 2.416339 2.021127 2.098821 2.153342 2.198972 2.227973 2.214468 2.104298 2.123187 2.260291 2.210335 2.207172 2.208226
1.805015 1.786716 1.738601 1.725648 1.774857 1.705903 1.816413 1.831257 2.658524 5.100605 7.459201 9.778403 12.135058 13.562943 13.170736 12.438828 11.809376 11.264676 10.784844 10.355112 9.963846 9.602152 9.263098 8.941440 8.634320 8.339870 8.055408 7.779117 7.510181 7.247037 6.988078 6.731804 6.476763 6.221493 5.964545 5.706208 5.446711 5.189540 4.934116 4.681009 4.430532 4.182679 3.937608 3.696351 3.457641 3.216497 2.967216 2.702672 2.412899 2.148583 2.160784 2.238295 2.311193 2.305866 2.268770 2.140848 2.244980 2.215549 2.209570 2.208021
1.760168 1.773119 1.777685 1.764238 1.746454 1.775827 1.797602 2.285663 3.983827 6.067843 8.246410 10.466563 12.657630 13.761166 13.061716 12.317882 11.688857 11.149775 10.678747 10.258096 9.874928 9.520131 9.187797 8.874228 8.575572 8.288708 8.011749 7.743081 7.481016 7.224157 6.971002 6.720161 6.470222 6.219930 5.969619 5.719396 5.472174 5.227522 4.985225 4.745463 4.508096 4.273630 4.042608 3.816276 3.593746 3.373570 3.154505 2.933717 2.705295 2.441298 2.119937 2.189536 2.314829 2.344450 2.186535 2.185443 2.151136 2.191941 2.204940 2.205842
1.791547 1.794852 1.832029 1.802189 1.790105 1.818189 1.885882 3.180356 4.900308 6.821976 8.810482 10.786974 12.476421 12.649893 12.330843 11.881232 11.379177 10.907532 10.475883 10.081910 9.719452 9.382362 9.065650 8.765370 8.478810 8.203475 7.937182 7.678054 7.424425 7.174933 6.928510 6.683807 6.440037 6.197335 5.956116 5.718355 5.483473 5.251153 5.021583 4.794511 4.569734 4.347263 4.128108 3.913542 3.702967 3.496373 3.294326 3.098270 2.912799 2.740853 2.582833 2.102144 2.198251 2.230409 2.089196 2.173901 2.152064 2.164149 2.183677 2.193313
1.853985 1.836347 1.774824 1.781874 1.861762 1.766533 2.288285 3.738022 5.430381 7.198062 8.999802 10.765477 11.574298 11.655101 11.475259 11.185044 10.864576 10.522565 10.169949 9.827228 9.501163 9.192252 8.898472 8.617624 8.347622 8.086567 7.832752 7.584651 7.340911 7.100194 6.861522 6.625195 6.390572 6.159135 5.931052 5.705833 5.483199 5.263236 5.045698 4.830395 4.617257 4.406344 4.198037 3.993202 3.792120 3.595290 3.403660 3.219342 3.048109 2.900567 2.806197 2.665276 2.423597 2.412110 2.324566 2.246387 2.200985 2.176353 2.176834 2.180143
1.936533 1.877611 1.822300 1.852187 1.902851 1.770750 2.585056 4.055258 5.652833 7.300786 8.966672 10.262976 10.677797 10.763777 10.683435 10.505452 10.278246 10.027843 9.766471 9.496818 9.222707 8.951927 8.687943 8.431207 8.181235 7.937156 7.697984 7.462727 7.230850 7.001694 6.774585 6.550508 6.329733 6.111927 5.896727 5.684025 5.473730 5.265623 5.059514 4.855298 4.652961 4.452634 4.254628 4.058794 3.865688 3.676445 3.491948 3.314092 3.147493 3.000304 2.885293 2.865100 2.806658 2.599609 2.442226 2.327965 2.254582 2.207667 2.184657 2.176751
2.028410 1.886855 1.849347 1.898229 1.984383 1.809054 2.706278 4.163775 5.679121 7.243230 8.762284 9.539808 9.849373 9.975801 9.969419 9.873664 9.721788 9.536392 9.331604 9.114400 8.889208 8.660519 8.431968 8.204572 7.979109 7.756033 7.535392 7.317254 7.101621 6.888401 6.677448 6.468596 6.261963 6.057506 5.855220 5.654961 5.456562 5.259842 5.064668 4.870982 4.678796 4.488255 4.299527 4.112437 3.926893 3.743948 3.564886 3.390976 3.225246 3.073927 2.943690 2.851149 2.823781 2.655228 2.500758 2.381584 2.295555 2.236069 2.199199 2.178181
2.092391 1.848908 1.599745 1.862787 1.842467 1.745483 2.687783 4.118908 5.584803 7.071795 8.265132 8.808554 9.111455 9.277375 9.325866 9.290648 9.199922 9.069117 8.912729 8.738977 8.552964 8.358768 8.160919 7.961458 7.761433 7.561557 7.362288 7.163919 6.966618 6.770455 6.575430 6.381532 6.188897 5.997800 5.808184 5.619960 5.433020 5.247244 5.062555 4.878902 4.696321 4.514940 4.334782 4.155749 3.977693 3.800610 3.625867 3.454994 3.290179 3.136196 2.997441 2.872596 2.792135 2.689942 2.539743 2.419050 2.326872 2.258626 2.211873 2.182712
2.053581 1.903731 1.750317 1.766566 1.719166 1.800329 2.523910 3.968432 5.398915 6.800582 7.653042 8.134819 8.456291 8.652487 8.743437 8.754872 8.711584 8.627016 8.512706 8.377176 8.226020 8.063459 7.894199 7.720949 7.544979 7.367233 7.188403 7.008987 6.829340 6.649708 6.470253 6.291074 6.112238 5.934089 5.756731 5.580137 5.404259 5.229013 5.054362 4.880301 4.706858 4.534127 4.362051 4.190511 4.019355 3.848304 3.677564 3.509527 3.345793 3.190570 3.044820 2.907809 2.793909 2.714253 2.567112 2.444711 2.348993 2.275409 2.221530 2.185337
2.039904 1.945788 1.777759 1.764452 1.790701 1.860866 2.318701 3.729076 5.134631 6.363200 7.042179 7.532674 7.869190 8.088201 8.212668 8.261601 8.255480 8.209200 8.131639 8.030037 7.910230 7.776628 7.633913 7.485095 7.331686 7.174859 7.015488 6.854231 6.691580 6.527899 6.363455 6.198434 6.032960 5.867329 5.701823 5.536464 5.371258 5.206158 5.041151 4.876259 4.711590 4.547103 4.382688 4.218204 4.053430 3.888076 3.721845 3.556471 3.394147 3.238658 3.088823 2.945571 2.813543 2.717202 2.590512 2.461922 2.363318 2.285860 2.227289 2.184998
1.952498 1.868059 1.689347 1.781867 1.853857 1.824887 2.126454 3.452569 4.823474 5.826950 6.493608 6.992075 7.339077 7.575441 7.725729 7.805247 7.830254 7.814955 7.768793 7.697482 7.605989 7.498908 7.380877 7.254870 7.122655 6.985576 6.844666 6.700705 6.554296 6.405903 6.255872 6.104465 5.951873 5.798349 5.644299 5.489798 5.334885 5.179564 5.023842 4.867848 4.711595 4.554980 4.397855 4.240037 4.081266 3.921223 3.759721 3.597202 3.436721 3.281375 3.129573 2.982424 2.840700 2.724394 2.611732 2.477167 2.371408 2.290737 2.228343 2.181825
1.972720 1.962854 2.010753 1.917291 1.752272 1.839220 1.943721 3.156861 4.451992 5.323690 6.008166 6.504816 6.857552 7.106513 7.276532 7.380899 7.432844 7.444427 7.424441 7.379281 7.313407 7.230683 7.135502 7.030762 6.918400 6.799910 6.676447 6.548913 6.418011 6.284266 6.148088 6.009794 5.869629 5.727848 5.584892 5.440888 5.295917 5.150046 5.003419 4.856034 4.707837 4.558734 4.408556 4.257066 4.103978 3.948927 3.792015 3.632923 3.474578 3.319767 3.167087 3.017320 2.870415 2.739700 2.629192 2.491901 2.375805 2.290925 2.224940 2.175042
2.028597 2.040320 2.066586 1.988742 1.864590 1.839844 1.907445 2.834390 4.004474 4.896758 5.572850 6.062292 6.417545 6.675512 6.860838 6.985746 7.060861 7.095723 7.098722 7.076015 7.032270 6.971694 6.897710 6.812848 6.719156 6.618228 6.511316 6.399405 6.283270 6.163524 6.040643 5.914970 5.786786 5.656359 5.524167 5.390374 5.255150 5.118600 4.980771 4.841646 4.701170 4.559238 4.415683 4.270214 4.122513 3.972375 3.819849 3.664554 3.508608 3.354604 3.201519 3.049875 2.899540 2.759133 2.641739 2.505982 2.381178 2.287177 2.217667 2.164803
2.105339 2.120155 2.080406 1.987888 1.921317 1.857099 1.911808 2.476283 3.600054 4.524384 5.179022 5.657513 6.012648 6.278003 6.475219 6.616802 6.711311 6.766564 6.789937 6.787299 6.763463 6.722474 6.667578 6.601150 6.525045 6.440748 6.349566 6.252550 6.150538 6.044195 5.934050 5.820517 5.703887 5.584466 5.462798 5.339099 5.213477 5.085987 4.956641 4.825456 4.692386 4.557318 4.420067 4.280338 4.137801 3.992530 3.844132 3.692775 3.539538 3.386414 3.233150 3.080121 2.927210 2.780228 2.653969 2.519422 2.387209 2.281018 2.207076 2.150710
2.179727 2.131188 2.017457 1.946632 1.943939 1.867764 1.781026 2.112248 3.304015 4.192279 4.817989 5.284140 5.638739 5.909651 6.116083 6.271016 6.381444 6.454699 6.496291 6.511944 6.506562 6.483737 6.446307 6.396641 6.336646 6.267856 6.191529 6.108695 6.020201 5.926744 5.828891 5.727105 5.621753 5.513157 5.401799 5.287876 5.171514 5.052776 4.931670 4.808155 4.682199 4.553707 4.422474 4.288206 4.150838 4.010186 3.865829 3.718414 3.568009 3.415653 3.262362 3.108239 2.953209 2.801562 2.666857 2.531685 2.393620 2.276328 2.194296 2.133144
2.174051 2.083687 1.992844 1.863526 1.731205 1.858032 1.827056 1.821683 3.058122 3.884673 4.481816 4.937503 5.290746 5.565856 5.780003 5.945309 6.069602 6.157972 6.216249 6.249074 6.261032 6.254989 6.233809 6.199825 6.154942 6.100699 6.038355 5.968954 5.893354 5.812261 5.726255 5.635812 5.541311 5.443146 5.341744 5.237271 5.129856 5.019570 4.906417 4.790353 4.671267 4.549076 4.423591 4.294726 4.162374 4.026058 3.885973 3.742230 3.594435 3.442890 3.289666 3.134487 2.977567 2.822359 2.680549 2.542648 2.399474 2.273290 2.180372 2.114105
2.110155 2.042710 2.020652 1.960872 1.812196 1.759301 1.868866 1.828751 2.836026 3.596446 4.166699 4.612637 4.964176 5.242821 5.463717 5.637975 5.773669 5.875700 5.949018 5.998234 6.026218 6.035774 6.029768 6.010496 5.979846 5.939370 5.890322 5.833726 5.770452 5.701212 5.626586 5.547056 5.463007 5.374905 5.283132 5.187812 5.089059 4.986950 4.881485 4.772608 4.660194 4.544056 4.424242 4.300705 4.173073 4.041139 3.905257 3.764915 3.619441 3.468717 3.315282 3.159208 3.000513 2.842241 2.694575 2.552435 2.404160 2.270067 2.165821 2.095118
2.065620 1.997061 2.141843 2.068451 1.917831 1.906047 1.680532 1.826689 2.633136 3.331639 3.874020 4.307700 4.656414 4.937998 5.165014 5.347548 5.493156 5.607755 5.694914 5.758564 5.801372 5.825525 5.833785 5.828403 5.811239 5.783833 5.747448 5.703112 5.651665 5.593821 5.530163 5.461167 5.387234 5.308890 5.226436 5.139996 5.049654 4.955469 4.857447 4.755515 4.649537 4.539490 4.425301 4.306797 4.183728 4.056354 3.924344 3.787091 3.643700 3.493605 3.339707 3.182660 3.022413 2.861190 2.708635 2.561286 2.407834 2.265853 2.149412 2.073873
2.054375 1.949682 2.085813 1.984105 1.889310 1.894431 1.977894 1.814176 2.452115 3.089619 3.604371 4.024736 4.369280 4.652250 4.884358 5.074220 5.228845 5.353757 5.453261 5.529995 5.585967 5.623679 5.645425 5.653231 5.648921 5.634009 5.609752 5.577174 5.537124 5.490283 5.437234 5.378444 5.314371 5.245516 5.172114 5.094308 5.012146 4.925664 4.834860 4.739692 4.640189 4.536179 4.427367 4.313626 4.195298 4.072118 3.943606 3.809088 3.667579 3.517930 3.363430 3.204926 3.043553 2.879532 2.722844 2.569655 2.410911 2.260894 2.131822 2.048066
1.985330 1.919932 1.997921 1.922785 1.837067 1.923607 1.880814 1.803462 2.293048 2.868632 3.355680 3.762021 4.101614 4.384705 4.620730 4.816822 4.979403 5.113544 5.223302 5.311883 5.380138 5.430146 5.464328 5.484650 5.492655 5.489759 5.477190 5.455962 5.426923 5.390762 5.348022 5.299176 5.244770 5.185176 5.120612 5.051219 4.977036 4.898081 4.814454 4.726115 4.632898 4.534512 4.430808 4.322032 4.208165 4.088795 3.963387 3.831210 3.691208 3.542155 3.386826 3.226909 3.063845 2.897384 2.737767 2.578359 2.414288 2.256079 2.113508 2.017172
2.026880 1.984344 1.998999 1.902361 1.892378 2.013068 1.808694 1.792388 2.152896 2.668383 3.126296 3.517933 3.851410 4.133665 4.372412 4.573820 4.743465 4.885981 5.005104 5.103818 5.183242 5.244964 5.290832 5.322750 5.342313 5.350882 5.349601 5.339390 5.321057 5.295299 5.262644 5.223629 5.178740 5.128249 5.072360 5.011264 4.945038 4.873676 4.797172 4.715315 4.627909 4.534977 4.436565 4.332450 4.222573 4.106561 3.983785 3.853466 3.714527 3.565884 3.410012 3.248936 3.084030 2.915035 2.753072 2.588115 2.419217 2.253201 2.096044 1.988343
1.896743 1.949159 1.930351 1.865591 1.934885 1.988357 1.885275 1.782076 2.031726 2.488293 2.915001 3.290890 3.616874 3.897499 4.137877 4.343799 4.519754 4.669921 4.797727 4.905937 4.995369 5.067627 5.124614 5.167690 5.198310 5.217803 5.227285 5.227676 5.219740 5.204130 5.181427 5.152168 5.116713 5.075326 5.028197 4.975430 4.917088 4.853154 4.783348 4.707582 4.626010 4.538527 4.444981 4.344843 4.238051 4.124465 4.003531 3.874434 3.736200 3.587609 3.431564 3.270688 3.104669 2.933800 2.769865 2.600048 2.426913 2.253498 2.078461 1.998463
1.916502 1.787083 1.861835 1.790774 1.768078 1.795927 1.918719 1.777922 1.933177 2.327266 2.721421 3.079510 3.396735 3.674701 3.915982 4.125438 4.307061 4.464262 4.600171 4.717363 4.816447 4.898583 4.965614 5.019111 5.060424 5.090607 5.110637 5.121408 5.123662 5.118071 5.105278 5.085667 5.059557 5.027186 4.988719 4.944235 4.893718 4.836838 4.773589 4.703998 4.628018 4.545084 4.454971 4.357735 4.253321 4.141618 4.021995 3.893641 3.755597 3.606453 3.450338 3.289513 3.123189 2.953590 2.790086 2.618694 2.445405 2.271246 2.095836 1.899020
1.935892 1.915380 1.845919 1.841044 1.889486 1.996099 1.870617 1.779021 1.865615 2.184588 2.544922 2.883463 3.190161 3.463899 3.705472 3.917675 4.104215 4.267929 4.411450 4.537164 4.645622 4.737376 4.814211 4.877648 4.928983 4.969314 4.999574 5.020541 5.032948 5.037426 5.034472 5.024451 5.007632 4.984238 4.954430 4.918296 4.875605 4.825828 4.768974 4.705033 4.633060 4.553298 4.466015 4.371204 4.268682 4.158315 4.039467 3.911399 3.772743 3.622467 3.466277 3.305139 3.138128 2.971052 2.808267 2.638868 2.468479 2.297647 2.129155 2.000504
