DEM_BQ31_2013_1000_1935.asc
ncols        480
nrows        720
xllcorner    1748320.000000000000
yllcorner    5428320.000000000000
cellsize     1.000000000000
NODATA_value  -9999.000000
[rows 390 to 415 of 720, columns 180 to 239 of 480]
34.528767 33.887974 33.014477 31.895658 30.519218 29.071486 27.616816 26.153324 25.335375 25.404158 25.433649 25.455793 25.476219 25.421549 25.237633 25.320347 25.257240 25.116724 24.992815 24.876289 24.905869 24.873102 24.831900 24.789257 24.745199 24.697651 24.652424 24.734022 24.647837 24.802353 24.667425 24.468811 24.164320 23.751390 23.800636 23.753361 23.706684 23.689642 23.755726 23.880548 24.048512 24.511034 25.180025 25.944433 26.790974 27.718306 28.644314 29.527693 30.447481 31.164375 31.833403 31.877674 31.620373 31.515278 31.387014 31.199446 31.247166 31.136593 30.897583 30.696049
34.112640 33.356724 32.490734 31.506130 30.413469 29.140038 27.681286 26.214121 25.293776 25.382862 25.418877 25.439075 25.438982 25.334055 25.206612 25.211279 25.153849 25.068363 24.947720 24.968058 24.914927 24.850233 24.797558 24.747852 24.696999 24.641014 24.564596 24.570608 24.614822 24.886286 24.828978 24.622154 24.235964 23.793768 23.704411 23.659176 23.630478 23.602308 23.622719 23.767063 24.150354 24.711369 25.381590 26.163212 27.047592 28.048828 29.181608 30.404285 31.516026 32.339573 32.198433 31.854605 31.663412 31.660170 31.535885 31.369030 31.293978 31.167273 30.865789 30.689234
33.865955 33.055565 32.172390 31.210608 30.171768 29.046583 27.769480 26.324976 25.382309 25.361280 25.374010 25.375309 25.351007 25.282778 25.160444 25.143099 25.091970 25.022238 24.949532 24.991468 24.914186 24.821804 24.763206 24.711477 24.658972 24.599243 24.518902 24.557528 24.725597 24.749422 24.801952 24.458487 23.979767 23.588470 23.587275 23.605143 23.612736 23.626898 23.668245 23.863018 24.223894 24.725306 25.358162 26.133699 27.031927 28.058516 29.231747 30.584011 32.069897 32.241165 32.063133 31.971682 31.848448 31.772476 31.642284 31.466167 31.348009 31.119659 30.684683 30.380348
33.720539 32.883648 31.985863 31.026791 30.007803 28.922993 27.754911 26.417995 25.309675 25.316805 25.329960 25.325840 25.306843 25.265036 25.166531 25.107096 25.047544 24.976683 24.902906 24.879187 24.843159 24.783028 24.733232 24.686846 24.637087 24.582146 24.519213 24.605946 24.680574 24.585169 24.621819 24.260679 23.806162 23.602230 23.632158 23.635736 23.637796 23.646091 23.717339 23.927164 24.262386 24.712465 25.273310 25.971878 26.826969 27.831160 28.986410 30.310743 31.867104 32.566986 32.277500 32.105526 31.951654 31.882034 31.683317 31.420004 31.334673 30.816999 30.212318 29.853401
33.641792 32.788570 31.883106 30.923609 29.913033 28.847601 27.717024 26.485813 25.279545 25.281208 25.294962 25.293507 25.283903 25.266703 25.195940 25.091337 25.025873 24.955168 24.859673 24.812117 24.751225 24.742496 24.715979 24.674221 24.628973 24.583317 24.550819 24.618977 24.767637 24.787365 24.575243 24.209894 23.801334 23.698603 23.673407 23.655182 23.648909 23.657679 23.741159 23.941910 24.246439 24.648558 25.148535 25.758400 26.517859 27.441570 28.534224 29.764431 31.097790 32.357723 32.433872 32.166237 31.989677 31.874479 31.796192 31.600691 30.975773 30.332003 29.648363 29.220278
33.611275 32.746357 31.835653 30.876444 29.869331 28.816080 27.708515 26.522011 25.302780 25.271936 25.272757 25.270731 25.265043 25.261446 25.222857 25.128366 25.052481 24.976345 24.891338 24.819262 24.751829 24.749907 24.710640 24.671284 24.632460 24.597050 24.568312 24.590958 24.718893 24.777988 24.501637 24.167332 23.825008 23.737438 23.687832 23.658197 23.647278 23.655325 23.734989 23.914799 24.184055 24.537151 24.974195 25.504503 26.154186 26.965137 27.935415 29.029184 30.195053 31.319317 32.285286 32.268383 32.208588 31.886353 31.793936 31.403875 30.743069 30.026489 29.292072 28.644089
33.620296 32.747189 31.831743 30.871407 29.864931 28.818321 27.727442 26.579552 25.352425 25.265026 25.259800 25.251684 25.241796 25.228298 25.199160 25.159374 25.119043 25.039440 24.938019 24.797268 24.893295 24.768320 24.723846 24.683302 24.642681 24.603756 24.567001 24.556936 24.643757 24.489218 24.395124 24.140867 23.912094 23.793011 23.717436 23.669083 23.643501 23.641951 23.704311 23.856232 24.086454 24.389669 24.762110 25.210064 25.751900 26.427708 27.253916 28.233322 29.263731 30.246449 31.300798 32.343994 32.265312 32.211655 32.004868 31.362484 30.580301 29.794888 29.083397 28.615862
33.669933 32.791317 31.872047 30.909283 29.900314 28.850681 27.764730 26.646154 25.508717 25.249229 25.246901 25.231846 25.213280 25.194424 25.172565 25.154339 25.145639 25.087942 24.927635 24.847446 24.838446 24.785492 24.733803 24.686335 24.649063 24.618370 24.588211 24.559803 24.586807 24.470348 24.319618 24.119221 23.936039 23.812899 23.727825 23.671553 23.638386 23.626528 23.659801 23.777479 23.966194 24.217773 24.526842 24.893894 25.330133 25.868544 26.544432 27.391062 28.264721 29.150751 30.092459 30.845736 31.336115 31.728514 32.090694 31.381950 30.456978 29.583321 28.839798 28.609453
33.759434 32.875263 31.952219 30.986616 29.974680 28.920612 27.830492 26.717419 25.620512 25.278322 25.244352 25.214918 25.183176 25.158388 25.144264 25.140326 25.128302 25.027172 24.871618 24.737385 24.841633 24.783281 24.719145 24.682396 24.655634 24.626661 24.599453 24.573523 24.509287 24.397226 24.243109 24.075005 23.917902 23.801325 23.716150 23.657373 23.621351 23.605478 23.615070 23.691328 23.836334 24.035311 24.281195 24.568960 24.902132 25.301382 25.804115 26.471642 27.120567 28.022421 28.987045 29.741854 30.334343 30.809980 31.084692 31.095146 30.628456 29.593866 28.558626 28.660027
33.886391 32.998264 32.071812 31.103212 30.088411 29.030798 27.934818 26.809401 25.697800 25.393150 25.268663 25.199215 25.148422 25.113464 25.114283 25.127275 25.101416 24.982489 24.849674 24.784716 24.815048 24.739044 24.700558 24.672380 24.632669 24.590967 24.546343 24.486832 24.412210 24.311159 24.178478 24.031069 23.885431 23.772058 23.687840 23.628691 23.591784 23.574841 23.577595 23.613760 23.712740 23.858992 24.041882 24.252338 24.483778 24.739525 25.039936 25.365795 25.977606 27.200684 28.133924 28.865021 29.468100 29.935890 30.252781 30.421684 30.414040 30.047081 29.118288 28.834669
34.049107 33.158485 32.229717 31.258921 30.241957 29.182281 28.080229 26.935781 25.766806 25.180592 25.162390 25.147442 25.119528 25.093164 25.084187 25.111380 25.082035 24.982027 24.858866 24.781471 24.719353 24.691841 24.684763 24.637886 24.587029 24.533989 24.474216 24.403418 24.324213 24.227692 24.109615 23.980450 23.845345 23.731581 23.646410 23.587219 23.549944 23.532770 23.534573 23.559488 23.617193 23.713490 23.836052 23.972206 24.105156 24.203655 24.271593 24.426922 25.519459 26.600639 27.433811 28.124111 28.714525 29.191935 29.565245 29.848118 30.038803 30.057903 29.684576 29.196104
34.247459 33.354630 32.424706 31.452475 30.434603 29.374590 28.269295 27.111061 25.857658 25.108524 25.124777 25.122597 25.104019 25.079199 25.056458 25.067366 25.057924 25.015923 24.974215 24.933630 24.821316 24.692364 24.646105 24.587873 24.528961 24.466906 24.399157 24.323101 24.241095 24.147976 24.039738 23.922621 23.799820 23.683081 23.594543 23.533840 23.496077 23.478539 23.479958 23.505426 23.565496 23.639793 23.721100 23.807409 23.887428 23.958792 24.058836 24.349550 25.232714 26.110853 26.846035 27.487879 28.073042 28.583349 29.013369 29.377531 29.690058 29.938072 30.000080 29.754948
34.482418 33.586708 32.656967 31.684004 30.666740 29.607285 28.500946 27.338961 26.038204 25.195860 25.149010 25.124821 25.099503 25.070791 25.030363 25.021313 25.040586 25.052853 25.069336 25.076138 24.814507 24.691406 24.614220 24.545200 24.476635 24.405031 24.328373 24.246033 24.161018 24.070616 23.969044 23.860228 23.746696 23.630823 23.534685 23.469288 23.429689 23.410780 23.410854 23.438126 23.512314 23.600389 23.696903 23.805696 23.920055 24.111578 24.063755 24.253609 24.942234 25.679897 26.342810 26.975119 27.563116 28.098135 28.570017 28.992142 29.381674 29.745281 30.132275 29.967402
34.753387 33.855995 32.927120 31.954412 30.940298 29.882530 28.776930 27.604204 26.309473 25.323637 25.216496 25.146166 25.107265 25.072355 25.045082 25.012463 25.021248 25.093069 25.102987 24.954069 24.810413 24.697956 24.604395 24.519289 24.438435 24.355686 24.269697 24.178989 24.085861 23.994467 23.897270 23.794006 23.686668 23.576857 23.473263 23.396788 23.350782 23.326584 23.321842 23.355476 23.452585 23.560902 23.678841 23.765253 23.982668 24.038900 24.003252 24.139900 24.668484 25.300909 25.946442 26.567572 27.148741 27.688881 28.188658 28.650127 29.085211 29.503664 29.799900 29.694452
35.059261 34.162766 33.236908 32.271606 31.264006 30.211374 29.105537 27.910439 26.669649 25.420511 25.225142 25.113747 25.108881 25.142387 25.150236 25.144197 25.139257 25.181772 25.067064 24.938965 24.809010 24.693367 24.593208 24.498268 24.407242 24.315374 24.220417 24.121862 24.020441 23.920803 23.824287 23.723970 23.619965 23.514181 23.415443 23.334803 23.268394 23.224213 23.200310 23.260475 23.384754 23.519596 23.655537 23.745665 23.868883 23.990452 23.952248 24.064066 24.421974 25.008148 25.637815 26.237968 26.805918 27.342646 27.849998 28.331636 28.791187 29.191414 29.384853 29.342505
35.397640 34.508484 33.598629 32.648823 31.655615 30.606689 29.485407 28.294226 27.032394 25.636364 25.146999 25.023018 25.224716 25.299410 25.318644 25.316555 25.260452 25.170233 25.054546 24.932404 24.806679 24.686207 24.579372 24.478779 24.381231 24.283064 24.181458 24.075481 23.964890 23.855171 23.750778 23.649807 23.545599 23.440203 23.347311 23.284737 23.232094 23.173500 23.047609 23.173046 23.338707 23.492369 23.656860 23.751598 23.814047 23.865601 23.950085 24.087618 24.264671 24.804007 25.401302 25.972687 26.522614 27.051306 27.559303 28.048529 28.514755 28.859968 29.035948 29.009977
35.767017 34.909382 34.032032 33.109623 32.128906 31.082689 29.965578 28.795950 27.515316 26.235365 25.385553 25.360157 25.408913 25.494043 25.460646 25.368122 25.270847 25.162695 25.046732 24.926445 24.802805 24.680264 24.567621 24.462130 24.360453 24.258978 24.153288 24.041941 23.924534 23.801788 23.683521 23.572063 23.459152 23.347574 23.266987 23.240196 23.223608 23.225147 23.293015 23.188349 23.315147 23.472357 23.608347 23.724081 23.691729 23.848244 23.825098 24.029434 24.234537 24.682493 25.204870 25.748899 26.280449 26.797316 27.301388 27.800537 28.254732 28.572506 28.721764 28.701956
36.175522 35.375332 34.551483 33.677090 32.716423 31.643372 30.500978 29.311790 28.239149 27.344315 26.669231 26.188160 25.846632 25.623667 25.477255 25.373663 25.269194 25.157022 25.041197 24.921415 24.798977 24.676771 24.560822 24.451937 24.346975 24.243143 24.136198 24.022848 23.901402 23.771053 23.634987 23.501429 23.350660 23.213684 23.201841 23.219963 23.239553 23.219437 23.203796 23.213236 23.335247 23.454773 23.582369 23.683283 23.739338 23.825325 23.858210 23.989576 24.208199 24.606462 25.083090 25.574177 26.078190 26.583021 27.086227 27.592709 28.026608 28.309195 28.432688 28.412586
36.636963 35.932438 35.234798 34.450565 33.394802 32.223125 31.096136 30.107166 29.150475 28.261738 27.442858 26.758471 26.221783 25.829426 25.558922 25.362457 25.251614 25.148325 25.036983 24.917400 24.795835 24.675959 24.559450 24.448538 24.341774 24.236181 24.128902 24.016699 23.895500 23.762651 23.616846 23.483608 23.294088 23.197847 23.219429 23.219456 23.217556 23.198572 23.163101 23.239904 23.333841 23.437300 23.534899 23.606274 23.670685 23.758583 23.716265 23.966192 24.191229 24.530880 24.976254 25.448658 25.931623 26.419893 26.911428 27.404806 27.809542 28.063404 28.168114 28.135139
36.909294 36.454407 36.003399 35.242729 33.876007 32.813038 31.891560 30.908670 29.895205 28.894156 28.002857 27.232962 26.590408 26.093750 25.714048 25.427919 25.231478 25.130026 25.027943 24.914339 24.793470 24.675991 24.562593 24.452179 24.345201 24.240017 24.133471 24.022511 23.903763 23.772667 23.620289 23.507633 23.429211 23.282887 23.179792 23.188744 23.196877 23.193182 23.116907 23.206909 23.336977 23.418711 23.490259 23.560736 23.662659 23.685144 23.800673 23.919262 24.175806 24.462324 24.870438 25.321785 25.788832 26.261187 26.734274 27.206903 27.605446 27.840885 27.920790 27.853544
36.733780 36.216427 35.856808 35.408134 34.393055 33.616753 32.694145 31.619823 30.484062 29.419390 28.470495 27.635174 26.920086 26.341478 25.879908 25.516609 25.255619 25.105137 25.012819 24.907688 24.791916 24.676014 24.566042 24.460501 24.357859 24.256575 24.154644 24.049686 23.939177 23.821301 23.692116 23.488400 23.452290 23.218128 23.165188 23.167294 23.163157 23.152962 23.249722 23.308474 23.337774 23.386930 23.445522 23.494175 23.586338 23.791737 23.697035 23.864649 24.124836 24.424345 24.774284 25.210688 25.661457 26.114088 26.563112 27.007835 27.420877 27.639994 27.668217 27.576319
36.913589 36.259342 36.003082 35.604214 35.120918 34.473900 33.451084 32.249260 31.010414 29.882092 28.869635 27.973375 27.199652 26.553078 26.026701 25.603374 25.288296 25.086151 24.993322 24.897127 24.788694 24.674732 24.567802 24.468243 24.374111 24.283039 24.192719 24.101061 24.006006 23.907679 23.824665 23.585466 23.393787 23.231012 23.195883 23.168848 23.150175 23.187716 23.151354 23.218246 23.284210 23.346245 23.409149 23.482054 23.588112 23.790117 23.696064 23.812416 24.090824 24.312410 24.691769 25.151293 25.578520 26.006596 26.423178 26.824291 27.225765 27.440737 27.405910 27.322546
37.677090 36.585648 36.256863 36.313171 36.011330 35.353264 34.194611 32.844490 31.502172 30.288483 29.201698 28.248390 27.424526 26.720837 26.139149 25.668222 25.312290 25.076332 24.971869 24.884911 24.782579 24.670988 24.565861 24.473503 24.390759 24.313940 24.240307 24.167480 24.093243 24.021414 23.982206 23.700945 23.475386 23.324034 23.202969 23.197754 23.179134 23.166433 23.081066 23.145741 23.213007 23.292597 23.374613 23.462221 23.557369 23.663616 23.607502 23.717966 24.062716 24.263950 24.628162 25.140179 25.591778 26.014267 26.412636 26.760689 27.117336 27.318430 27.191223 27.093040
38.671505 37.839111 37.491360 37.447784 37.083488 36.298676 34.969738 33.439987 31.963551 30.637512 29.465780 28.455212 27.581656 26.831837 26.204432 25.695816 25.313972 25.059141 24.948559 24.870420 24.777256 24.664198 24.556232 24.474152 24.410666 24.353960 24.302687 24.256945 24.214802 24.184071 24.034414 23.727926 23.384533 23.166803 23.275242 23.199755 23.155258 23.125275 23.090946 23.111452 23.155184 23.250628 23.347584 23.441193 23.531610 23.614172 23.747984 23.680767 23.947859 24.212528 24.619865 25.130905 25.631227 26.096809 26.537422 26.829346 26.973253 27.020586 26.968670 26.877634
39.802856 39.210541 38.868984 38.659950 38.317726 37.405060 35.830822 34.069069 32.399216 30.922136 29.652149 28.575695 27.653984 26.867390 26.206652 25.673910 25.283321 25.028706 24.925659 24.848446 24.770136 24.660669 24.524347 24.475046 24.439939 24.408934 24.385315 24.378448 24.398954 24.365582 24.044258 23.670246 23.375381 23.219482 23.221643 23.164007 23.117666 23.012838 22.951159 22.939512 23.102596 23.220652 23.327097 23.424164 23.506407 23.583302 23.649288 23.640692 23.838507 24.181660 24.620256 25.128023 25.653742 26.167810 26.657467 26.644726 26.734491 26.761763 26.731091 26.662775
41.058613 40.585304 40.234421 39.927029 39.564587 38.697571 36.833916 34.766472 32.805836 31.119858 29.730803 28.583557 27.617664 26.802849 26.124962 25.592260 25.215250 24.988516 24.906456 24.827320 24.743223 24.737209 24.511461 24.491346 24.497360 24.491516 24.493494 24.509586 24.540482 24.498804 24.071337 23.712021 23.340700 23.201355 23.100618 23.126621 23.117548 23.126360 22.951572 22.915398 23.070560 23.204941 23.319263 23.418100 23.487776 23.547544 23.560730 23.570831 23.724813 24.117542 24.580446 25.100601 25.663525 26.196257 26.395479 26.422159 26.515512 26.537735 26.511953 26.455978
