DEM_BQ31_2013_1000_1935.asc
ncols        480
nrows        720
xllcorner    1748320.000000000000
yllcorner    5428320.000000000000
cellsize     1.000000000000
NODATA_value  -9999.000000
[rows 234 to 259 of 720, columns 120 to 179 of 480]
42.920761 42.917496 43.006649 43.144817 43.179970 43.110680 43.056087 43.074635 42.925903 43.001995 43.065994 43.119625 43.022934 42.902294 42.835526 42.948013 43.010803 42.842030 42.711380 42.577480 42.450466 42.308720 42.160736 42.000877 41.992676 41.902740 41.820049 41.853882 42.080208 41.937901 41.950104 41.817432 41.686943 41.501465 41.288094 41.212608 41.092442 40.934910 40.691616 40.318748 39.961647 39.489765 38.591534 36.880291 34.857212 32.730289 30.463072 29.861137 29.906656 29.907785 29.773085 29.587317 29.709103 29.747377 29.623325 29.632151 29.495865 29.492933 29.484316 29.479321
43.283714 43.286804 43.315666 43.344280 43.352207 43.330002 43.292377 43.189606 43.133762 43.187969 43.261959 43.318199 43.163250 43.081440 43.100716 43.108593 43.015915 42.867451 42.798672 42.622837 42.495914 42.324986 42.261528 42.076714 42.075706 42.121460 42.204388 42.235714 42.280640 42.339603 42.195251 42.006802 41.842236 41.667084 41.488579 41.373856 41.134541 41.021164 40.711285 40.419884 39.982300 39.463726 38.864933 37.510628 35.301868 33.112885 31.029860 29.999176 29.849257 29.833767 29.803413 29.678606 29.774956 29.803820 29.581446 29.511206 29.575949 29.495800 29.499546 29.501238
43.566990 43.507210 43.492687 43.465214 43.494053 43.527969 43.569862 43.494690 43.414173 43.400249 43.423626 43.475311 43.462002 43.330017 43.284184 43.160275 43.017418 42.869236 42.766724 42.627483 42.503777 42.379063 42.469402 42.470276 42.474762 42.451118 42.422352 42.388092 42.387703 42.419640 42.400482 42.201385 42.012199 41.841587 41.700115 41.607597 41.426201 41.229095 40.960911 40.575306 40.080582 39.527016 38.920990 37.745029 35.579376 33.365761 31.219294 29.909882 29.886129 29.792730 29.709448 29.651655 29.677671 29.686245 29.616116 29.473146 29.543179 29.586992 29.599367 29.516981
43.702213 43.479107 43.443741 43.536560 43.662838 43.722366 43.741543 43.698353 43.628906 43.599327 43.601933 43.611572 43.631573 43.421669 43.292885 43.152569 43.030678 42.905724 42.766674 42.714615 42.798485 42.726955 42.834389 42.842255 42.861568 42.767117 42.609665 42.535198 42.490276 42.481594 42.557575 42.380016 42.170120 42.009079 41.840233 41.745117 41.586571 41.448708 41.224464 40.786613 40.228920 39.638809 39.006226 37.991352 35.845150 33.592964 31.238272 29.620262 29.704611 29.726974 29.630669 29.564915 29.632235 29.709764 29.636503 29.439770 29.507864 29.510931 29.492392 29.471392
43.778198 43.550655 43.528988 43.684139 43.878841 43.914635 43.900608 43.861874 43.804539 43.772827 43.793282 43.853935 43.712891 43.505482 43.260303 43.146019 43.065819 43.007645 43.023605 43.167965 43.169579 43.108223 43.106968 43.147499 43.164936 42.936302 42.781109 42.695778 42.579071 42.504017 42.561092 42.517704 42.289219 42.003632 42.015011 41.869343 41.744759 41.662868 41.398933 41.021259 40.401573 39.778816 39.113594 38.420773 36.297779 33.956612 31.546379 29.666849 29.613127 29.626635 29.588329 29.518177 29.594925 29.737886 29.630266 29.456596 29.421116 29.410917 29.397465 29.369480
43.818336 43.773327 43.670639 43.981087 44.130833 44.112091 44.063335 44.003548 43.950951 43.911068 43.886139 43.854191 43.752068 43.426701 43.346138 43.209446 43.235340 43.308445 43.383530 43.323093 43.439522 43.279377 43.264034 43.340481 43.312508 43.131668 42.997887 42.883358 42.733730 42.701859 42.650059 42.556400 42.419773 42.147827 42.108944 41.956245 41.785057 41.811863 41.564213 41.116421 40.550640 39.943043 39.244038 38.489780 37.074326 34.549923 31.953033 29.645269 29.654705 29.632866 29.609749 29.378366 29.546207 29.620150 29.604771 29.458607 29.307880 29.348890 29.333675 29.288197
43.907131 44.092068 44.152729 44.360786 44.363426 44.300343 44.220188 44.141518 44.061855 44.012478 43.968334 43.927948 43.652222 43.574471 43.450409 43.529339 43.636459 43.770485 43.589752 43.351681 43.577541 43.569115 43.546314 43.449287 43.389263 43.336105 43.129940 42.963703 42.812923 42.657318 42.647499 42.490299 42.452595 42.201187 42.137455 42.021030 41.950352 41.802200 41.624573 41.190655 40.644730 40.080467 39.342911 38.440868 37.448269 34.896767 32.284458 30.386183 29.872900 29.618095 29.538748 29.389786 29.529419 29.549574 29.525986 29.276234 29.323277 29.351704 29.319996 29.224073
44.273678 44.312019 44.478680 44.570045 44.536621 44.481102 44.374134 44.253330 44.152702 44.099575 44.050812 43.962669 43.851395 43.695030 43.797970 43.880756 43.945847 43.886448 43.910721 43.733261 43.733471 43.732449 43.611675 43.529953 43.548439 43.427006 43.229477 43.047047 42.886486 42.764080 42.627483 42.498844 42.444729 42.287449 42.120304 42.036224 41.895817 41.773331 41.567486 41.272312 40.728317 40.095676 39.367409 38.690472 37.537701 35.381966 33.353420 31.895411 30.915457 30.121639 29.578489 29.399889 29.558964 29.548733 29.532455 29.340412 29.424717 29.479702 29.445370 29.155708
44.599613 44.603912 44.743958 44.810394 44.672447 44.690693 44.728825 44.489048 44.224609 44.193241 44.158382 44.055008 43.932697 44.066471 44.145908 44.017189 44.097408 44.095791 44.035702 43.922993 43.840557 43.657768 43.727207 43.621693 43.690575 43.531734 43.315678 43.122097 42.932060 42.849674 42.724636 42.560482 42.443905 42.175171 42.084469 41.815800 41.819565 41.672905 41.543404 41.403641 40.820953 40.132561 39.408058 38.697773 38.134079 36.182087 34.470650 33.069668 31.848440 30.787786 29.795137 29.352983 29.576902 29.579769 29.515509 29.352949 29.466602 29.516405 29.549938 29.437099
44.893650 44.891308 44.883926 45.002083 44.916851 44.995392 44.766659 44.667473 44.532925 44.393055 44.265507 44.208031 44.227013 44.365860 44.331646 44.261868 44.252316 44.250568 44.134785 44.075413 43.851849 43.934101 43.814831 43.792484 43.669655 43.485970 43.296669 43.209846 43.065628 42.933228 42.814949 42.623947 42.503342 42.253834 41.992165 41.730213 41.470879 41.502697 41.396713 41.438683 40.906570 40.167572 39.446960 38.695488 38.255402 37.154896 35.474945 33.925304 32.514786 31.250555 30.115000 29.504944 29.492210 29.574869 29.480639 29.293566 29.272055 29.511932 29.446800 29.442513
45.171291 45.161865 45.133484 45.270878 45.176052 45.145489 45.050800 44.900772 44.708698 44.497417 44.512070 44.423111 44.552788 44.612251 44.554344 44.397427 44.404118 44.389076 44.265194 44.176197 44.149673 44.211731 44.123894 44.012527 43.700027 43.543816 43.427692 43.210503 43.166546 43.047173 43.167194 43.119308 42.947258 42.627480 42.293629 41.998295 41.702793 41.459408 41.325226 41.338749 40.879948 40.204285 39.497875 38.807198 38.184292 37.551632 36.080326 34.364716 32.831505 31.437435 30.124292 29.425844 29.502787 29.563938 29.426834 29.292170 29.392811 29.421865 29.405445 29.375484
45.440784 45.446621 45.509079 45.585949 45.510601 45.251713 45.161327 44.990616 44.838722 44.708904 44.716251 44.709373 44.798817 44.910900 44.839050 44.640381 44.561695 44.337307 44.380157 44.371555 44.243626 44.132660 44.133854 43.981506 43.734734 43.542019 43.419712 43.322121 43.399387 43.412266 43.383572 43.274433 43.204842 42.944683 42.586140 42.183784 41.828884 41.528980 41.322063 41.225201 40.861790 40.246933 39.530945 38.826904 38.247913 37.307590 35.804340 34.243332 32.701752 31.221483 29.876553 29.408726 29.526724 29.506878 29.367922 29.248087 29.278976 29.336338 29.334681 29.300514
45.707291 45.720890 45.777710 45.801563 45.751755 45.538040 45.256535 45.114048 44.953369 44.817650 44.953220 44.934391 45.052204 45.014713 44.878971 44.776661 44.786484 44.708080 44.565685 44.516731 44.330475 44.246361 44.033966 43.986584 43.796337 43.689564 43.595985 43.661575 43.664104 43.621235 43.630104 43.410805 43.387737 43.027981 42.690685 42.297920 41.888729 41.517620 41.244514 41.151508 40.947281 40.365479 39.546242 38.781151 38.271023 36.871922 35.342010 33.812374 32.295876 30.838991 29.556450 29.337212 29.411728 29.446560 29.296125 29.195992 29.205532 29.270584 29.281935 29.259096
45.968315 45.982719 46.024231 45.972916 45.876282 45.804359 45.358170 45.245686 45.163197 45.104321 45.101006 44.939362 45.033379 45.036140 44.964165 44.908352 44.887077 44.733749 44.652374 44.551003 44.355011 44.165962 44.187965 44.062992 44.155113 44.098877 43.852333 43.842644 43.792168 43.720520 43.654957 43.609879 43.465000 43.198513 42.850498 42.392784 41.907639 41.408615 41.073898 41.078045 40.833912 40.376930 39.675045 39.049992 37.903343 36.444290 34.913097 33.353580 31.795874 30.318899 29.530193 29.356705 29.385609 29.425415 29.240408 29.200937 29.092834 29.216351 29.251766 29.290062
46.107433 46.087616 46.090961 46.021183 45.919338 45.761288 45.515499 45.429939 45.392941 45.333305 45.241016 45.065960 45.069733 45.088860 45.038494 44.987259 44.913589 44.857140 44.647228 44.636921 44.463005 44.342930 44.345795 44.482628 44.469219 44.315098 44.077705 44.015442 43.919815 43.812946 43.692120 43.549416 43.551231 43.291210 42.926174 42.457275 41.893085 41.309174 40.966988 40.759277 40.804535 40.348770 39.766750 39.036625 37.616680 36.079475 34.516895 32.933281 31.353022 29.829470 29.474468 29.347902 29.410221 29.431820 29.408962 29.274170 29.166676 29.272804 29.238277 29.212765
46.212975 46.157852 46.092609 46.026981 45.940002 45.781998 45.611122 45.587765 45.623577 45.572525 45.468704 45.327225 45.302063 45.240585 45.160007 45.079613 44.994980 44.953453 44.791897 44.689960 44.611427 44.687336 44.610977 44.570816 44.525932 44.434345 44.316528 44.190559 44.057312 43.921066 43.774006 43.597755 43.401310 43.229694 42.964939 42.563271 41.769958 41.274849 40.859257 40.818913 40.691170 40.310944 39.817299 38.920341 37.326385 35.751579 34.158669 32.552692 30.987675 29.620079 29.352329 29.326996 29.313719 29.361177 29.283705 29.254070 29.086330 29.250511 29.217724 29.205143
46.309853 46.235973 46.148087 46.060009 46.002300 45.871292 45.826622 45.827904 45.864967 45.830795 45.733849 45.611084 45.537167 45.429420 45.321728 45.217236 45.171383 45.064205 44.812569 44.843983 44.927414 45.106354 44.905067 44.667431 44.630421 44.486641 44.545189 44.372463 44.201862 44.041126 43.879620 43.682129 43.434242 43.159134 42.910236 42.512047 41.794613 41.226627 40.527256 40.651207 40.510609 40.263836 39.751675 38.509560 37.019848 35.467239 33.879410 32.245747 30.589163 29.407095 29.360502 29.320225 29.392710 29.351721 29.336641 29.243580 29.077961 29.189650 29.217102 29.174002
46.397137 46.321674 46.231964 46.108364 46.090870 45.952717 46.006611 46.057247 46.129417 46.105255 46.006710 45.927204 45.742531 45.597572 45.471916 45.354424 45.237835 45.078045 44.939899 44.993229 45.135670 45.089451 45.146507 44.909008 44.695889 44.610802 44.688885 44.532890 44.335350 44.155827 43.995464 43.779224 43.513748 43.243477 42.987080 42.484184 41.736511 41.178211 40.732590 40.450180 40.369598 40.293564 39.536663 38.263065 36.829258 35.363373 33.864079 32.325577 30.758480 29.534452 29.328518 29.282942 29.233356 29.216873 29.194565 29.181330 28.950279 29.118404 29.164127 29.104424
46.563732 46.438805 46.396484 46.420464 46.320404 46.153862 46.126183 46.231293 46.323574 46.189766 46.388790 46.132851 45.903301 45.737839 45.605522 45.471401 45.387684 45.097874 45.052856 44.996449 45.020729 45.032722 45.021843 44.903690 44.802288 44.797840 44.746788 44.677593 44.451828 44.245155 44.133530 43.893684 43.568398 43.281628 43.038551 42.512157 41.644428 41.087124 40.788876 40.327499 40.356571 40.273617 39.456017 38.191494 36.838909 35.440155 34.018208 32.602741 31.237410 30.064791 29.273569 29.209339 29.199722 29.130945 29.085758 29.018566 29.003475 29.065245 29.179930 29.123474
46.700153 46.616596 46.718258 46.680882 46.545528 46.436562 46.376369 46.343941 46.353405 46.460026 46.500450 46.315907 46.013470 45.828789 45.734974 45.571865 45.560436 45.375904 45.243084 45.108952 44.920063 44.882309 45.009766 44.967739 44.863350 44.827858 44.690472 44.605492 44.479294 44.179249 44.097324 43.866592 43.505573 43.280014 43.061394 42.390957 41.695461 41.078766 40.675735 40.223721 40.243614 40.232735 39.498943 38.268505 36.939606 35.574974 34.208340 32.863956 31.576923 30.434595 29.529867 29.286489 29.099070 29.093626 29.097742 29.055750 29.025953 28.995184 29.085155 29.076239
46.766960 46.677021 46.808189 46.794498 46.618935 46.560993 46.510788 46.465027 46.423264 46.557739 46.522488 46.392712 46.202518 45.973198 45.927818 45.734089 45.714001 45.726570 45.504963 45.348541 45.188271 44.901886 44.905788 44.983189 44.836689 44.754589 44.556683 44.416893 44.301102 44.215683 44.123833 43.943497 43.407310 43.216339 42.964176 42.347847 41.632141 41.123608 40.621223 40.134819 40.143764 40.164307 39.686546 38.408604 37.056705 35.709919 34.375942 33.071056 31.821259 30.676342 29.680750 29.249569 29.167530 29.034000 29.150681 29.087807 29.012833 28.961245 28.986822 28.927689
46.857468 46.740589 46.750347 46.804531 46.717983 46.666775 46.608448 46.544941 46.477196 46.406578 46.477859 46.278370 46.204193 46.128483 45.888596 45.879181 45.801632 45.717041 45.667454 45.594463 45.424904 45.194656 44.991268 44.720325 44.860680 44.750957 44.671436 44.463104 44.358192 44.256310 44.155254 43.880611 43.273632 43.060760 42.840153 42.385933 41.778503 41.078255 40.549984 40.189178 39.925011 39.862118 39.843872 38.514469 37.159428 35.821106 34.497662 33.209705 31.981249 30.816538 29.738104 29.179617 29.038912 29.079214 29.119038 29.104504 29.004887 28.912220 28.940027 28.925167
47.013527 46.912498 46.873756 46.860691 46.831638 46.775551 46.705261 46.625248 46.536201 46.439121 46.304871 46.223206 46.214748 46.057407 46.082706 46.078056 45.973713 45.852123 45.773064 45.763889 45.674255 45.530273 45.385014 45.138035 44.782066 44.682404 44.515602 44.479271 44.401649 44.305382 44.160614 43.805519 43.292130 43.042477 42.820190 42.517460 41.867184 41.194679 40.606121 40.088161 39.821632 39.748287 39.679161 38.541183 37.218433 35.881729 34.559952 33.270790 32.028690 30.833599 29.640421 29.095636 29.009066 29.048277 29.082617 29.125555 28.995127 28.938707 28.936119 28.925615
47.003136 47.022190 47.008690 46.996620 46.957695 46.891769 46.806423 46.710945 46.606724 46.491917 46.343262 46.305168 46.211872 46.176125 46.216255 46.096668 45.989677 46.021183 45.867188 45.789055 45.657837 45.572567 45.477627 45.312527 45.155201 44.678806 44.570789 44.487438 44.414326 44.359123 44.135456 43.775379 43.256798 42.991096 42.725449 42.465141 41.881638 41.256184 40.500286 40.101753 39.768749 39.685539 39.644421 38.516132 37.215042 35.879646 34.549427 33.250431 31.995993 30.777241 29.565151 29.078495 29.039892 29.011662 29.032106 29.159864 28.947653 28.939777 28.918095 28.904974
47.117470 47.126301 47.127213 47.127327 47.094875 47.016708 46.913239 46.802181 46.684067 46.554565 46.383408 46.276672 46.254322 46.182972 46.125233 46.077335 45.929718 45.992138 45.950836 45.857685 45.725487 45.610012 45.545380 45.469753 45.125813 44.696098 44.513199 44.421097 44.315998 44.201572 44.050346 43.483147 43.313778 42.933792 42.593742 42.240574 41.836235 41.378632 40.714584 40.215481 39.546352 39.471142 39.580242 38.503593 37.154942 35.808918 34.466438 33.151127 31.879503 30.662500 29.574490 29.157122 29.011395 28.973316 29.051300 29.027069 28.873236 28.877930 28.875778 28.871754
47.215881 47.227783 47.237293 47.248680 47.244064 47.153614 47.020691 46.892467 46.762909 46.627129 46.468624 46.413399 46.337513 46.445061 46.289803 46.103138 46.142998 46.122215 46.088692 45.918159 45.789188 45.676720 45.592773 45.464314 45.179695 44.797127 44.537327 44.387775 44.243168 44.079548 43.908401 43.448662 43.247719 42.909939 42.492249 42.094448 41.661114 41.264343 40.748283 40.158401 39.723087 39.404503 39.405022 38.461918 37.114647 35.750149 34.376251 33.015110 31.693369 30.478525 29.467848 29.140734 28.989361 29.068989 29.119925 29.025976 28.807394 28.773283 28.821074 28.843773
