DEM_BQ31_2013_1000_1935.asc
ncols        480
nrows        720
xllcorner    1748320.000000000000
yllcorner    5428320.000000000000
cellsize     1.000000000000
NODATA_value  -9999.000000
[rows 468 to 493 of 720, columns 420 to 479 of 480]
3.898379 4.561342 5.212944 5.815276 6.277142 6.647496 6.951040 7.202227 7.410614 7.582067 7.716734 7.817980 7.886733 7.925961 7.939299 7.929648 7.899330 7.849970 7.783059 7.699440 7.599565 7.484629 7.355968 7.215062 7.062981 6.900484 6.728096 6.547866 6.363190 6.175095 5.984352 5.791022 5.595095 5.396486 5.195035 4.990500 4.782578 4.571268 4.356356 4.137780 3.917106 3.695487 3.472948 3.250490 3.031581 2.813711 2.596522 2.393884 2.353103 2.389221 2.300249 2.238401 2.165441 2.163536 2.156865 2.271801 2.267759 2.256365 2.352234 2.370055
3.986279 4.617621 5.236290 5.724445 6.112746 6.431363 6.696548 6.919026 7.106043 7.260207 7.382010 7.475095 7.539886 7.578701 7.594471 7.589608 7.566005 7.525203 7.468251 7.396340 7.310166 7.210046 7.097106 6.972062 6.835845 6.689297 6.532979 6.367602 6.196714 6.021540 5.843220 5.661986 5.477875 5.290895 5.100943 4.907986 4.712037 4.512932 4.310792 4.106495 3.900606 3.693942 3.486731 3.280224 3.077305 2.875880 2.674775 2.472756 2.373513 2.306632 2.314688 2.337240 2.095195 2.072762 2.188931 2.119319 2.261472 2.233925 2.238427 2.260862
4.060040 4.673666 5.193587 5.599008 5.931689 6.209856 6.445240 6.645546 6.815238 6.955441 7.067552 7.154450 7.216371 7.255188 7.273252 7.272568 7.254729 7.221068 7.172652 7.110264 7.034801 6.946962 6.846927 6.735460 6.613347 6.481110 6.339162 6.187867 6.029756 5.866881 5.700217 5.530425 5.357601 5.181840 5.003254 4.821814 4.637412 4.450428 4.261326 4.070432 3.878185 3.684854 3.491277 3.298649 3.108248 2.918794 2.730486 2.545354 2.383168 2.355185 2.321017 2.233961 2.240611 2.273461 2.165370 2.241507 2.209213 2.187255 2.221086 2.313382
4.112774 4.672761 5.101524 5.449887 5.740856 5.988169 6.200607 6.382895 6.538423 6.667521 6.771905 6.853955 6.913804 6.952820 6.972960 6.975972 6.963212 6.935800 6.894683 6.840615 6.774177 6.696053 6.606872 6.507131 6.397061 6.277153 6.147809 6.009318 5.863066 5.711869 5.556445 5.397731 5.235978 5.071289 4.903691 4.733347 4.560599 4.385638 4.208730 4.030222 3.850308 3.669340 3.488185 3.308053 3.128814 2.949734 2.771364 2.596224 2.430084 2.342927 2.317184 2.229941 1.986297 2.150152 2.231267 2.016228 2.228964 2.135841 2.377833 2.415915
4.144957 4.611906 4.980612 5.286281 5.545807 5.769944 5.963938 6.131498 6.275301 6.395461 6.493596 6.571667 6.629972 6.669439 6.691668 6.698062 6.689804 6.667858 6.633055 6.586093 6.527562 6.457968 6.377900 6.287809 6.188071 6.078997 5.960825 5.833745 5.698649 5.558334 5.413569 5.265431 5.114240 4.960184 4.803432 4.644160 4.482557 4.318851 4.153303 3.986130 3.817610 3.648114 3.478347 3.309350 3.140392 2.971061 2.802213 2.636130 2.473855 2.352728 2.316740 2.264441 2.153363 2.207725 2.222983 2.172426 2.245621 2.223062 2.391978 2.438102
4.121711 4.519085 4.843024 5.116027 5.352012 5.557322 5.736062 5.891313 6.025410 6.138175 6.231120 6.306058 6.363432 6.403501 6.427619 6.436979 6.432660 6.415518 6.386261 6.345515 6.293864 6.231866 6.159893 6.078322 5.987502 5.887720 5.779241 5.662356 5.537533 5.407444 5.272912 5.134908 4.993880 4.850043 4.703593 4.554696 4.403555 4.250380 4.095364 3.938727 3.780775 3.621895 3.462719 3.303697 3.144258 2.984086 2.824304 2.666814 2.511553 2.382899 2.312545 2.289480 2.375346 2.388945 2.363993 2.316635 2.129685 2.200110 2.133651 2.311500
4.058243 4.406981 4.696314 4.944992 5.161760 5.351346 5.517222 5.662136 5.787973 5.894719 5.983622 6.056008 6.112562 6.153200 6.179045 6.191103 6.190295 6.177404 6.153059 6.117842 6.072333 6.016974 5.952147 5.878180 5.795341 5.703922 5.604250 5.496522 5.381202 5.260649 5.135691 5.007171 4.875627 4.741293 4.604410 4.465199 4.323830 4.180445 4.035246 3.888458 3.740346 3.591341 3.441917 3.291867 3.141179 2.989489 2.838350 2.688915 2.541278 2.413077 2.322596 2.290710 2.258688 2.349259 2.334191 2.230101 2.223846 2.175933 2.152282 2.276943
3.972028 4.283353 4.546608 4.775674 4.976284 5.152497 5.307430 5.443491 5.562634 5.664492 5.749890 5.820068 5.875895 5.917145 5.944579 5.959085 5.961430 5.952317 5.932348 5.902109 5.862076 5.812644 5.754159 5.686925 5.611223 5.527389 5.435648 5.336291 5.229674 5.117932 5.001842 4.882159 4.759503 4.634109 4.506184 4.375940 4.243593 4.109339 3.973305 3.835703 3.696817 3.557027 3.416298 3.274556 3.131929 2.988250 2.845276 2.703406 2.563438 2.438937 2.341963 2.294914 2.268324 2.227485 2.106864 2.266106 2.308995 2.057366 2.107969 2.150888
3.871745 4.153929 4.397027 4.609477 4.796223 4.960958 5.106535 5.235398 5.348789 5.446371 5.528815 5.597152 5.652239 5.694100 5.722974 5.739657 5.744816 5.739065 5.723030 5.697243 5.662113 5.618000 5.565220 5.504055 5.434841 5.357834 5.273338 5.181576 5.082881 4.979254 4.871362 4.759951 4.645621 4.528574 4.409023 4.287164 4.163206 4.037369 3.909874 3.780860 3.650598 3.519185 3.386428 3.252378 3.117147 2.981115 2.845748 2.710869 2.578355 2.458987 2.361313 2.300619 2.277668 2.246180 2.184802 2.042004 2.260082 2.254392 2.104473 2.164034
3.762858 4.023132 4.249127 4.447199 4.621918 4.776795 4.914729 5.037228 5.145555 5.239529 5.319453 5.386202 5.440506 5.482803 5.512947 5.531550 5.539223 5.536528 5.524045 5.502257 5.471539 5.432222 5.384598 5.328971 5.265646 5.194899 5.117013 5.032146 4.940720 4.844607 4.744334 4.640623 4.534021 4.424756 4.313017 4.198997 4.082898 3.964920 3.845299 3.724288 3.601934 3.478088 3.352747 3.225822 3.097445 2.968809 2.840503 2.712141 2.586826 2.472897 2.376744 2.309406 2.283630 2.261146 2.229461 2.165944 2.119219 2.176136 2.233180 2.228801
3.650154 3.892744 4.103808 4.289258 4.453559 4.600330 4.731451 4.848444 4.952328 5.043167 5.120832 5.186109 5.239664 5.282077 5.313359 5.333694 5.343637 5.343740 5.334503 5.316326 5.289592 5.254611 5.211664 5.161084 5.103127 5.038116 4.966251 4.887661 4.802960 4.713840 4.620664 4.524149 4.424764 4.322731 4.218267 4.111576 4.002827 3.892222 3.779971 3.666199 3.550949 3.434137 3.315693 3.195480 3.073848 2.952158 2.830453 2.708280 2.590052 2.481734 2.388384 2.318419 2.286120 2.266895 2.245507 2.226292 2.209099 2.215856 2.185051 2.100379
3.536664 3.763747 3.961542 4.135900 4.291608 4.431151 4.556414 4.668575 4.768452 4.856364 4.931949 4.995868 5.048765 5.091146 5.123363 5.145261 5.157256 5.159883 5.153576 5.138702 5.115586 5.084538 5.045872 4.999875 4.946847 4.887058 4.820665 4.747790 4.669400 4.586793 4.500236 4.410456 4.317826 4.222569 4.124897 4.025023 3.923154 3.819446 3.713951 3.606767 3.498025 3.387753 3.275745 3.161881 3.047044 2.931870 2.816391 2.700441 2.589060 2.486407 2.396647 2.326489 2.287732 2.270457 2.251391 2.236599 2.243559 2.242412 2.024216 2.143872
3.423230 3.636521 3.822507 3.987677 4.135746 4.269112 4.389211 4.496972 4.593141 4.678262 4.752022 4.814780 4.867074 4.909376 4.942080 4.965350 4.979196 4.984099 4.980443 4.968570 4.948784 4.921360 4.886617 4.844829 4.796319 4.741295 4.679900 4.612301 4.539864 4.463308 4.382944 4.299473 4.213178 4.124275 4.032976 3.939490 3.843976 3.746551 3.647279 3.546262 3.443591 3.339309 3.233316 3.125862 3.017553 2.908582 2.798989 2.689401 2.584593 2.487562 2.401865 2.333034 2.290439 2.273634 2.256012 2.240597 2.233699 2.266385 2.172168 2.188469
3.310210 3.511210 3.687196 3.844364 3.985959 4.113880 4.229241 4.332930 4.425760 4.508295 4.580388 4.642021 4.693707 4.735889 4.768921 4.793132 4.808661 4.815626 4.814382 4.805246 4.788501 4.764422 4.733304 4.695422 4.651064 4.600407 4.543589 4.481054 4.414165 4.343239 4.268697 4.191139 4.110786 4.027840 3.942486 3.854903 3.765240 3.673619 3.580159 3.484912 3.387932 3.289231 3.189084 3.087939 2.985792 2.882763 2.778735 2.675711 2.577240 2.485793 2.404486 2.338015 2.294139 2.277007 2.260686 2.245729 2.234919 2.229641 2.155401 2.150138
3.197723 3.387929 3.555641 3.706043 3.841983 3.964901 4.075909 4.176013 4.265811 4.345798 4.416224 4.476789 4.527887 4.569934 4.603251 4.628151 4.644981 4.653828 4.654788 4.648154 4.634190 4.613180 4.585384 4.551104 4.510574 4.463949 4.411360 4.353806 4.292087 4.226417 4.157365 4.085330 4.010513 3.933104 3.853281 3.771212 3.687020 3.600837 3.512779 3.422928 3.331288 3.238037 3.143716 3.048460 2.952134 2.854763 2.756371 2.659872 2.567523 2.481606 2.404908 2.341522 2.298085 2.280669 2.265763 2.251832 2.239685 2.225237 2.157876 2.066383
3.085813 3.267242 3.427883 3.572555 3.703325 3.821687 3.928883 4.025644 4.112576 4.190166 4.258832 4.318418 4.368978 4.410887 4.444446 4.469965 4.487774 4.498117 4.501092 4.496756 4.485350 4.467158 4.442426 4.411448 4.374425 4.331494 4.283052 4.230230 4.173328 4.112629 4.048722 3.981855 3.912223 3.840005 3.765371 3.688462 3.609402 3.528321 3.445327 3.360497 3.274068 3.186370 3.097539 3.007727 2.916912 2.824900 2.732594 2.642323 2.555898 2.475439 2.403485 2.343706 2.301917 2.284752 2.271408 2.258782 2.246361 2.230199 2.191410 2.093212
2.974715 3.148996 3.303987 3.443491 3.569584 3.683947 3.787556 3.881186 3.965452 4.040843 4.107732 4.166323 4.216388 4.258178 4.291971 4.318065 4.336768 4.348303 4.352867 4.350607 4.341551 4.325938 4.304014 4.276062 4.242254 4.202774 4.158559 4.110132 4.057706 4.001752 3.942669 3.880649 3.815877 3.748530 3.678766 3.606699 3.532457 3.456168 3.377941 3.298096 3.216882 3.134422 3.050782 2.966076 2.880410 2.793749 2.707726 2.623448 2.542766 2.467687 2.400564 2.344762 2.305513 2.289324 2.277629 2.266333 2.254495 2.238506 2.208842 2.128217
2.864790 3.033509 3.183639 3.318481 3.440473 3.551078 3.651357 3.742127 3.823964 3.897323 3.962590 4.020042 4.069663 4.111337 4.145333 4.171942 4.191454 4.204078 4.209997 4.209376 4.202370 4.189130 4.169794 4.144617 4.113757 4.077902 4.037675 3.993337 3.945174 3.893695 3.839125 3.781651 3.721441 3.658663 3.593467 3.525954 3.456245 3.384559 3.311157 3.236212 3.159902 3.082367 3.003639 2.923757 2.842894 2.762042 2.682039 2.603589 2.528483 2.458709 2.396474 2.344928 2.308859 2.294314 2.284092 2.274207 2.263443 2.248400 2.221613 2.155665
2.756326 2.920723 3.066472 3.197241 3.315405 3.422565 3.519858 3.608025 3.687681 3.759234 3.823008 3.879277 3.928274 3.969841 4.004024 4.031106 4.051361 4.064983 4.072149 4.073011 4.067716 4.056446 4.039397 4.016762 3.989021 3.956764 3.920238 3.879709 3.835657 3.788369 3.738025 3.684804 3.628875 3.570390 3.509486 3.446342 3.381142 3.314056 3.245268 3.174950 3.103270 3.030360 2.956268 2.880964 2.805145 2.730045 2.655819 2.583049 2.513371 2.448828 2.391521 2.344419 2.311987 2.299578 2.290843 2.282657 2.273450 2.260009 2.235527 2.179071
2.653310 2.810542 2.952291 3.079259 3.193950 3.298063 3.392671 3.478571 3.556255 3.626120 3.688502 3.743671 3.791859 3.833213 3.867570 3.895088 3.916027 3.930573 3.938889 3.941122 3.937414 3.927931 3.912868 3.892793 3.868174 3.839197 3.806088 3.769270 3.729073 3.685693 3.639316 3.590108 3.538247 3.483912 3.427241 3.368382 3.307503 3.244769 3.180339 3.114393 3.047082 2.978533 2.908818 2.838141 2.767646 2.697991 2.629325 2.562087 2.497720 2.438339 2.385981 2.343455 2.315013 2.305162 2.298095 2.291975 2.284759 2.273459 2.251689 2.202677
2.557659 2.705770 2.840895 2.964093 3.075774 3.177227 3.269540 3.353368 3.429233 3.497542 3.558628 3.612785 3.660233 3.701133 3.735593 3.763525 3.785098 3.800490 3.809861 3.813354 3.811103 3.803306 3.790553 3.773202 3.751445 3.725461 3.695627 3.662314 3.625709 3.586003 3.543371 3.497991 3.450025 3.399640 3.346971 3.292154 3.235354 3.176728 3.116425 3.054608 2.991430 2.927001 2.861582 2.795935 2.730571 2.666091 2.602792 2.540933 2.481795 2.427511 2.380077 2.342230 2.318151 2.311156 2.305953 2.302188 2.297386 2.288536 2.269842 2.227205
2.470625 2.607330 2.734744 2.852364 2.960591 3.059799 3.150036 3.231979 3.306182 3.373107 3.433074 3.486336 3.533111 3.573568 3.607835 3.636058 3.658213 3.674385 3.684728 3.689386 3.688695 3.683019 3.672623 3.657776 3.638671 3.615632 3.588981 3.558948 3.525713 3.489454 3.450340 3.408543 3.364235 3.317567 3.268666 3.217664 3.164713 3.109966 3.053568 2.995656 2.936382 2.876037 2.815264 2.754475 2.694047 2.634537 2.576397 2.519786 2.465792 2.416527 2.374007 2.340971 2.321642 2.317516 2.314354 2.313305 2.311268 2.305168 2.289687 2.251613
2.391437 2.516262 2.634772 2.746411 2.850306 2.946011 3.033802 3.114023 3.186831 3.252545 3.311515 3.363996 3.410192 3.450267 3.484341 3.512565 3.535112 3.552016 3.563443 3.569625 3.570765 3.567095 3.558864 3.546353 3.529891 3.509706 3.486017 3.459054 3.428979 3.395960 3.360153 3.321724 3.280843 3.237670 3.192318 3.144910 3.095592 3.044507 2.991797 2.937584 2.882268 2.826309 2.770028 2.713891 2.658215 2.603493 2.550316 2.498837 2.449901 2.405582 2.368009 2.339958 2.325763 2.324240 2.323503 2.325372 2.326352 2.323206 2.310638 2.275462
2.318972 2.432383 2.542272 2.647166 2.745871 2.837798 2.922602 3.000382 3.071384 3.135806 3.193807 3.245552 3.291212 3.330954 3.364920 3.393282 3.416260 3.434026 3.446727 3.454408 3.457224 3.455388 3.449206 3.439034 3.425094 3.407568 3.386635 3.362527 3.335412 3.305436 3.272744 3.237486 3.199825 3.159926 3.117915 3.073891 3.027997 2.980368 2.931198 2.880876 2.829679 2.777928 2.725977 2.674301 2.623206 2.573113 2.524741 2.478294 2.434314 2.394911 2.362357 2.339507 2.330888 2.331402 2.333548 2.338516 2.342748 2.342519 2.332081 2.298775
2.252899 2.355536 2.457187 2.555249 2.648276 2.735686 2.817122 2.892480 2.961574 3.024447 3.081241 3.132097 3.177168 3.216608 3.250542 3.279120 3.302541 3.320976 3.334571 3.343472 3.347872 3.347915 3.343807 3.335827 3.324198 3.309104 3.290733 3.269294 3.244936 3.217812 3.188047 3.155781 3.121153 3.084328 3.045450 3.004611 2.961970 2.917818 2.872391 2.825927 2.778675 2.730956 2.683194 2.635811 2.589138 2.543539 2.499880 2.458360 2.419246 2.384764 2.357350 2.339969 2.336805 2.339089 2.344671 2.352971 2.360566 2.363230 2.353343 2.321626
2.193118 2.285652 2.379133 2.470312 2.557737 2.640559 2.718318 2.790666 2.857425 2.918533 2.974004 3.023898 3.068312 3.107373 3.141196 3.169909 3.193698 3.212754 3.227233 3.237291 3.243085 3.244770 3.242525 3.236568 3.227087 3.214254 3.198237 3.179260 3.157485 3.133024 3.106005 3.076551 3.044788 3.010862 2.974998 2.937347 2.898076 2.857395 2.815534 2.772744 2.729268 2.685447 2.641737 2.598512 2.556119 2.514908 2.475910 2.439222 2.404897 2.375366 2.353268 2.341719 2.343123 2.347528 2.357181 2.369079 2.380018 2.385458 2.373613 2.343941
